1766983126.400000 4.197807
1766983126.500000 4.742732
1766983126.700000 5.292772
1766983126.900000 6.337964
1766983127.100000 7.369106
1766983127.300000 8.233348
1766983127.400000 9.090756
1766983127.500000 9.912093
1766983127.700000 10.617957
1766983127.900000 11.406877
1766983128.000000 12.180686
1766983128.200000 12.944244
1766983128.300000 13.692616
1766983128.500000 14.516691
1766983128.700000 15.321093
1766983128.900000 16.163369
1766983129.100000 16.845144
1766983129.300000 17.371552
1766983129.400000 17.733769
1766983129.500000 17.937503
1766983129.600000 18.011094
1766983129.700000 18.033571
1766983129.800000 18.044750
1766983129.900000 18.037216
1766983130.000000 18.034145
1766983130.200000 18.042137
1766983130.300000 18.059927
1766983130.400000 18.071371
1766983130.500000 18.095769
1766983130.600000 18.113439
1766983130.700000 18.133740
1766983130.800000 18.169980
1766983130.900000 18.226072
1766983131.000000 18.272535
1766983131.200000 18.319948
1766983131.300000 18.385045
1766983131.400000 18.432707
1766983131.500000 18.496533
1766983131.600000 18.578212
1766983131.700000 18.650347
1766983131.800000 18.709599
1766983131.900000 18.786197
1766983132.000000 18.827865
1766983132.200000 18.857597
1766983132.400000 18.886852
1766983132.600000 18.910540
1766983133.000000 18.910208
1766983133.200000 18.903711
1766983133.400000 18.886560
1766983133.600000 18.881246
1766983134.000000 18.884733
1766983134.200000 18.915279
1766983134.400000 18.994160
1766983134.600000 19.145212
1766983134.800000 19.373397
1766983135.000000 19.684501
1766983135.200000 20.099949
1766983135.400000 20.586297
1766983135.600000 21.112831
1766983135.800000 21.649236
1766983136.000000 22.167728
1766983136.200000 22.617108
1766983136.400000 22.999210
1766983136.600000 23.307138
1766983136.800000 23.539201
1766983137.000000 23.704384
1766983137.200000 23.791132
1766983137.300000 23.807502
1766983137.500000 23.754805
1766983137.700000 23.637956
1766983137.900000 23.454002
1766983138.100000 23.234850
1766983138.300000 22.986886
1766983138.500000 22.727141
1766983138.700000 22.462891
1766983138.900000 22.206379
1766983139.100000 21.968694
1766983139.300000 21.758336
1766983139.500000 21.565418
1766983139.700000 21.400486
1766983139.900000 21.263664
1766983140.100000 21.160423
1766983140.300000 21.090810
1766983140.500000 21.055563
1766983140.700000 21.027697
1766983140.900000 21.019784
1766983141.100000 21.010377
1766983141.300000 20.985011
1766983141.500000 20.950900
1766983141.700000 20.918640
1766983142.000000 20.887266
1766983142.200000 20.858338
1766983142.400000 20.836461
1766983142.600000 20.815865
1766983142.800000 20.807375
1766983143.000000 20.793962
1766983143.200000 20.792213
1766983143.400000 20.806441
1766983143.600000 20.837282
1766983143.800000 20.883284
1766983144.000000 20.970454
1766983144.200000 21.059093
1766983144.400000 21.148564
1766983144.600000 21.248673
1766983144.800000 21.353433
1766983145.000000 21.447681
1766983145.200000 21.542188
1766983145.400000 21.628914
1766983145.600000 21.705094
1766983145.800000 21.763867
1766983146.000000 21.807785
1766983146.200000 21.856756
1766983146.400000 21.908721
1766983146.600000 21.964858
1766983146.800000 22.031554
1766983147.000000 22.124977
1766983147.200000 22.235525
1766983147.400000 22.352378
1766983147.600000 22.484080
1766983147.800000 22.630810
1766983148.000000 22.747612
1766983148.200000 22.852481
1766983148.400000 22.943869
1766983148.600000 23.005144
1766983148.800000 23.034534
1766983149.000000 23.063474
1766983149.200000 23.070917
1766983149.400000 23.067728
1766983149.600000 23.045666
1766983149.800000 23.027202
1766983150.000000 22.990244
1766983150.200000 22.946712
1766983150.400000 22.904294
1766983150.600000 22.875810
1766983150.800000 22.831954
1766983151.000000 22.791114
1766983151.200000 22.753589
1766983151.600000 22.720530
1766983151.700000 22.696137
1766983151.900000 22.681248
1766983152.100000 22.657228
1766983152.300000 22.633775
1766983152.500000 22.607927
1766983152.700000 22.558514
1766983152.900000 22.478167
1766983153.100000 22.444867
1766983153.300000 22.395889
1766983153.500000 22.329438
1766983153.700000 22.273517
1766983153.900000 22.248619
1766983154.100000 22.181078
1766983154.300000 22.127715
1766983154.500000 22.057028
1766983154.700000 21.994146
1766983154.900000 21.919947
1766983155.100000 21.850961
1766983155.300000 21.803441
1766983155.500000 21.801527
1766983155.700000 21.806067
1766983155.900000 21.830536
1766983156.100000 21.883904
1766983156.300000 21.915085
1766983156.500000 21.950445
1766983156.700000 21.987835
1766983156.900000 22.017293
1766983157.100000 22.034199
1766983157.300000 22.064574
1766983157.500000 22.082475
1766983157.600000 22.094922
1766983157.700000 22.102614
1766983157.900000 22.096215
1766983158.000000 22.081259
1766983158.200000 22.061989
1766983158.300000 22.024911
1766983158.400000 21.990286
1766983158.500000 21.949646
1766983158.700000 21.894922
1766983158.900000 21.840500
1766983159.100000 21.793503
1766983159.300000 21.739149
1766983159.400000 21.687823
1766983159.600000 21.662270
1766983159.700000 21.623535
1766983159.900000 21.588950
1766983160.100000 21.567215
1766983160.300000 21.538511
1766983160.500000 21.492917
1766983160.600000 21.462782
1766983160.700000 21.434045
1766983160.900000 21.388738
1766983161.100000 21.369258
1766983161.300000 21.338418
1766983161.500000 21.286182
1766983161.700000 21.221020
1766983161.900000 21.160283
1766983162.100000 21.098379
1766983162.300000 21.029953
1766983162.400000 20.971592
1766983162.600000 20.936766
1766983162.800000 20.914845
1766983163.000000 20.888937
1766983163.200000 20.894536
1766983163.300000 20.915318
1766983163.400000 20.948704
1766983163.600000 20.968845
1766983163.800000 20.995974
1766983164.000000 21.025962
1766983164.200000 21.043434
1766983164.300000 21.022322
1766983164.500000 21.018762
1766983164.700000 20.986956
1766983164.900000 20.934144
1766983165.100000 20.890077
1766983165.300000 20.848610
1766983165.500000 20.788471
1766983165.700000 20.740429
1766983165.900000 20.704538
1766983166.100000 20.665627
1766983166.300000 20.630571
1766983166.500000 20.606328
1766983166.700000 20.593811
1766983166.900000 20.588222
1766983167.000000 20.585471
1766983167.200000 20.622652
1766983167.400000 20.687154
1766983167.600000 20.742107
1766983167.800000 20.792536
1766983167.900000 20.848109
1766983168.000000 20.869599
1766983168.200000 20.879772
1766983168.400000 20.882584
1766983168.500000 20.864715
1766983168.600000 20.838040
1766983168.800000 20.801353
1766983168.900000 20.749261
1766983169.000000 20.687479
1766983169.200000 20.636160
1766983169.400000 20.593265
1766983169.600000 20.558900
1766983169.700000 20.517910
1766983169.900000 20.497023
1766983170.100000 20.478674
1766983170.300000 20.426657
1766983170.500000 20.366751
1766983170.700000 20.290183
1766983170.900000 20.207370
1766983171.100000 20.119471
1766983171.300000 20.057207
1766983171.400000 19.996677
1766983171.500000 19.958093
1766983171.700000 19.898978
1766983171.800000 19.838704
1766983171.900000 19.749807
1766983172.100000 19.654715
1766983172.300000 19.530458
1766983172.400000 19.410397
1766983172.600000 19.291809
1766983172.700000 19.170247
1766983172.800000 19.042720
1766983173.000000 18.939949
1766983173.200000 18.832580
1766983173.300000 18.717339
1766983173.500000 18.619079
1766983173.700000 18.547652
1766983173.800000 18.477466
1766983173.900000 18.423216
1766983174.000000 18.383055
1766983174.200000 18.369868
1766983174.400000 18.346155
1766983174.600000 18.330102
1766983174.800000 18.334682
1766983175.000000 18.361911
1766983175.200000 18.396712
1766983175.400000 18.460316
1766983175.600000 18.548166
1766983175.800000 18.651703
1766983176.000000 18.763698
1766983176.200000 18.886334
1766983176.400000 19.029289
1766983176.600000 19.165854
1766983176.800000 19.302090
1766983177.000000 19.463104
1766983177.200000 19.624810
1766983177.600000 19.767991
1766983177.800000 19.906173
1766983178.000000 20.009813
1766983178.200000 20.082852
1766983178.400000 20.114292
1766983178.600000 20.138819
1766983178.700000 20.144537
1766983178.900000 20.167533
1766983179.100000 20.160807
1766983179.300000 20.163602
1766983179.500000 20.146340
1766983179.600000 20.128641
1766983179.800000 20.085737
1766983180.000000 20.052152
1766983180.200000 20.016643
1766983180.400000 19.988167
1766983180.500000 19.949345
1766983180.700000 19.925195
1766983180.900000 19.892955
1766983181.100000 19.876380
1766983181.300000 19.845570
1766983181.500000 19.836662
1766983181.700000 19.839458
1766983181.900000 19.855895
1766983182.100000 19.857387
1766983182.300000 19.867072
1766983182.400000 19.867924
1766983182.600000 19.863259
1766983182.800000 19.846023
1766983183.000000 19.835370
1766983183.200000 19.811932
1766983183.400000 19.788526
1766983183.600000 19.766569
1766983183.800000 19.749134
1766983184.000000 19.726333
1766983184.200000 19.720447
1766983184.400000 19.708951
1766983184.600000 19.697953
1766983184.800000 19.677608
1766983185.000000 19.666190
1766983185.200000 19.647393
1766983185.400000 19.636048
1766983185.600000 19.614854
1766983185.800000 19.607630
1766983185.900000 19.592530
1766983186.100000 19.582216
1766983186.300000 19.558649
1766983186.500000 19.530496
1766983186.700000 19.502973
1766983186.900000 19.467268
1766983187.100000 19.439712
1766983187.300000 19.420777
1766983187.500000 19.402094
1766983187.700000 19.387243
1766983187.900000 19.387707
1766983188.100000 19.380630
1766983188.300000 19.382668
1766983188.400000 19.391608
1766983188.500000 19.405207
1766983188.600000 19.419297
1766983188.700000 19.443711
1766983188.900000 19.472968
1766983189.100000 19.494742
1766983189.300000 19.508180
1766983189.400000 19.522492
1766983189.600000 19.513203
1766983189.800000 19.465296
1766983190.000000 19.418577
1766983190.200000 19.339139
1766983190.400000 19.249895
1766983190.600000 19.163830
1766983190.800000 19.107115
1766983191.200000 19.070439
1766983191.300000 19.062670
1766983191.500000 19.059949
1766983191.700000 19.073940
1766983191.900000 19.078978
1766983192.100000 19.078820
1766983192.300000 19.078557
1766983192.500000 19.064129
1766983192.700000 19.066026
1766983192.900000 19.070402
1766983193.100000 19.063476
1766983193.300000 19.070624
1766983193.500000 19.084317
1766983193.700000 19.087023
1766983193.900000 19.104345
1766983194.000000 19.126298
1766983194.200000 19.130067
1766983194.400000 19.144161
1766983194.600000 19.143483
1766983194.800000 19.127678
1766983194.900000 19.125262
1766983195.100000 19.124245
1766983195.300000 19.110157
1766983195.500000 19.069844
1766983195.700000 19.032782
1766983196.000000 18.974507
1766983196.200000 18.922202
1766983196.400000 18.887133
1766983196.600000 18.891241
1766983196.700000 18.915475
1766983196.900000 18.965621
1766983197.100000 19.041590
1766983197.300000 19.115517
1766983197.500000 19.211450
1766983197.600000 19.313108
1766983197.800000 19.423761
1766983198.000000 19.536782
1766983198.200000 19.689768
1766983198.400000 19.852303
1766983198.600000 20.008916
1766983198.800000 20.198007
1766983199.000000 20.371690
1766983199.200000 20.529207
1766983199.400000 20.674004
1766983199.600000 20.819779
1766983199.800000 20.928105
1766983199.900000 21.044450
1766983200.000000 21.139454
1766983200.200000 21.233225
1766983200.300000 21.319537
1766983200.500000 21.394561
1766983200.600000 21.459042
1766983200.700000 21.538222
1766983200.800000 21.594105
1766983200.900000 21.669017
1766983201.000000 21.737576
1766983201.200000 21.814614
1766983201.400000 21.882752
1766983201.600000 21.974669
1766983201.800000 22.066896
1766983202.000000 22.185089
1766983202.400000 22.284312
1766983202.600000 22.388945
1766983202.700000 22.472601
1766983202.900000 22.542813
1766983203.000000 22.577708
1766983203.200000 22.622532
1766983203.400000 22.651128
1766983203.600000 22.667533
1766983203.700000 22.665202
1766983203.800000 22.681098
1766983203.900000 22.675688
1766983204.000000 22.674898
1766983204.200000 22.675209
1766983204.400000 22.680626
1766983204.500000 22.657962
1766983204.700000 22.612429
1766983205.000000 22.532392
1766983205.200000 22.429810
1766983205.400000 22.300598
1766983205.600000 22.164405
1766983205.800000 22.036464
1766983206.000000 21.902993
1766983206.200000 21.761441
1766983206.400000 21.627249
1766983206.600000 21.510877
1766983206.800000 21.405425
1766983207.000000 21.315542
1766983207.200000 21.262214
1766983207.400000 21.238305
1766983207.600000 21.196245
1766983207.800000 21.168842
1766983208.000000 21.149875
1766983208.200000 21.152618
1766983208.400000 21.150999
1766983208.600000 21.178270
1766983208.800000 21.203741
1766983209.000000 21.231475
1766983209.200000 21.260369
1766983209.300000 21.266469
1766983209.500000 21.254647
1766983209.700000 21.238107
1766983209.900000 21.217632
1766983210.100000 21.171313
1766983210.300000 21.141189
1766983210.500000 21.114401
1766983210.700000 21.101323
1766983210.900000 21.127306
1766983211.100000 21.151146
1766983211.300000 21.172403
1766983211.500000 21.219259
1766983211.700000 21.255809
1766983211.900000 21.280159
1766983212.000000 21.306115
1766983212.200000 21.353626
1766983212.400000 21.381314
1766983212.600000 21.415705
1766983212.800000 21.430159
1766983212.900000 21.444185
1766983213.100000 21.444565
1766983213.300000 21.444315
1766983213.500000 21.431380
1766983213.700000 21.418098
1766983213.900000 21.397849
1766983214.100000 21.381768
1766983214.300000 21.371843
1766983214.500000 21.373523
1766983214.700000 21.379582
1766983214.900000 21.403967
1766983215.100000 21.418535
1766983215.300000 21.436085
1766983215.500000 21.451016
1766983215.700000 21.473596
1766983215.900000 21.479788
1766983216.100000 21.492563
1766983216.300000 21.491334
1766983216.500000 21.491803
1766983216.700000 21.475691
1766983216.900000 21.485886
1766983217.100000 21.482672
1766983217.300000 21.496213
1766983217.500000 21.503567
1766983217.700000 21.551570
1766983217.900000 21.604278
1766983218.100000 21.685506
1766983218.300000 21.761362
1766983218.500000 21.850841
1766983218.700000 21.930015
1766983218.900000 21.986602
1766983219.100000 22.014294
1766983219.300000 22.047005
1766983219.500000 22.058171
1766983219.700000 22.050503
1766983219.900000 22.037539
1766983220.100000 22.066971
1766983220.300000 22.105020
1766983220.500000 22.175057
1766983220.700000 22.250967
1766983220.900000 22.344719
1766983221.100000 22.404248
1766983221.300000 22.450521
1766983221.500000 22.464345
1766983221.700000 22.464099
1766983221.900000 22.438939
1766983222.100000 22.378027
1766983222.300000 22.311356
1766983222.500000 22.224618
1766983222.700000 22.117336
1766983222.900000 22.000122
1766983223.100000 21.892885
1766983223.300000 21.766174
1766983223.500000 21.663780
1766983223.700000 21.573631
1766983223.900000 21.510494
1766983224.100000 21.465911
1766983224.300000 21.438472
1766983224.500000 21.394683
1766983224.600000 21.349604
1766983224.800000 21.273585
1766983225.000000 21.179495
1766983225.200000 21.052074
1766983225.400000 20.912212
1766983225.600000 20.777930
1766983225.800000 20.685318
1766983226.000000 20.616118
1766983226.200000 20.561125
1766983226.400000 20.560009
1766983226.600000 20.581439
1766983226.800000 20.608696
1766983227.000000 20.638072
1766983227.200000 20.696757
1766983227.300000 20.761936
1766983227.500000 20.835174
1766983227.700000 20.889639
1766983227.900000 20.963749
1766983228.100000 21.042195
1766983228.300000 21.074969
1766983228.500000 21.099386
1766983228.700000 21.125002
1766983228.900000 21.141488
1766983229.100000 21.166785
1766983229.300000 21.209989
1766983229.500000 21.262337
1766983229.700000 21.321436
1766983229.900000 21.380043
1766983230.100000 21.441423
1766983230.300000 21.506517
1766983230.500000 21.564778
1766983230.600000 21.622240
1766983230.800000 21.670402
1766983231.000000 21.713044
1766983231.200000 21.753500
1766983231.400000 21.781149
1766983231.600000 21.786730
1766983231.700000 21.788157
1766983231.800000 21.775211
1766983232.000000 21.732034
1766983232.200000 21.692420
1766983232.400000 21.647481
1766983232.600000 21.605213
1766983232.700000 21.544518
1766983232.800000 21.491757
1766983233.000000 21.415805
1766983233.200000 21.338386
1766983233.400000 21.255056
1766983233.500000 21.146048
1766983233.600000 21.035430
1766983233.900000 20.923689
1766983234.000000 20.807656
1766983234.200000 20.685655
1766983234.300000 20.560250
1766983234.400000 20.450845
1766983234.500000 20.346976
1766983234.600000 20.244621
1766983234.700000 20.132324
1766983234.800000 20.038072
1766983234.900000 19.903468
1766983235.100000 19.733453
1766983235.300000 19.575330
1766983235.500000 19.407217
1766983235.600000 19.232929
1766983235.700000 19.088329
1766983235.900000 18.969353
1766983236.000000 18.843551
1766983236.200000 18.724684
1766983236.300000 18.629241
1766983236.500000 18.554128
1766983236.600000 18.501104
1766983236.700000 18.445358
1766983236.800000 18.417014
1766983236.900000 18.385402
1766983237.000000 18.349461
1766983237.200000 18.320008
1766983237.400000 18.321725
1766983237.600000 18.332895
1766983237.800000 18.373184
1766983238.000000 18.456501
1766983238.200000 18.547506
1766983238.400000 18.644902
1766983238.600000 18.738250
1766983238.800000 18.862289
1766983239.000000 18.949499
1766983239.200000 19.052749
1766983239.400000 19.153996
1766983239.600000 19.252579
1766983239.800000 19.299270
1766983239.900000 19.332453
1766983240.100000 19.334026
1766983240.300000 19.318303
1766983240.700000 19.301254
1766983240.800000 19.294914
1766983241.000000 19.300275
1766983241.200000 19.340241
1766983241.400000 19.394685
1766983241.600000 19.458963
1766983241.700000 19.540236
1766983241.900000 19.643780
1766983242.100000 19.720939
1766983242.300000 19.776793
1766983242.500000 19.811342
1766983242.700000 19.813643
1766983242.900000 19.785301
1766983243.100000 19.755439
1766983243.300000 19.731187
1766983243.400000 19.712587
1766983243.500000 19.709930
1766983243.700000 19.727416
1766983243.900000 19.743592
1766983244.100000 19.771136
1766983244.300000 19.807127
1766983244.500000 19.837780
1766983244.700000 19.857027
1766983244.800000 19.874181
1766983244.900000 19.876427
1766983245.100000 19.867388
1766983245.300000 19.863423
1766983245.500000 19.857530
1766983245.700000 19.844754
1766983245.900000 19.840114
1766983246.100000 19.838071
1766983246.200000 19.829903
1766983246.300000 19.816442
1766983246.400000 19.817851
1766983246.600000 19.821929
1766983246.700000 19.830332
1766983246.900000 19.846307
1766983247.100000 19.870290
1766983247.300000 19.898268
1766983247.500000 19.925326
1766983247.700000 19.951635
1766983247.900000 19.964002
1766983248.000000 19.961048
1766983248.200000 19.944682
1766983248.400000 19.923134
1766983248.600000 19.897808
1766983248.800000 19.877959
1766983248.900000 19.839846
1766983249.100000 19.786273
1766983249.300000 19.723567
1766983249.500000 19.655113
1766983249.700000 19.584614
1766983249.800000 19.525088
1766983250.000000 19.496078
1766983250.200000 19.474738
1766983250.300000 19.463915
1766983250.500000 19.459546
1766983250.700000 19.491032
1766983250.900000 19.511815
1766983251.100000 19.545719
1766983251.300000 19.571500
1766983251.500000 19.592167
1766983251.600000 19.597416
1766983251.700000 19.594727
1766983251.900000 19.572137
1766983252.000000 19.553554
1766983252.200000 19.516382
1766983252.400000 19.486653
1766983252.600000 19.448711
1766983252.800000 19.418017
1766983253.000000 19.374943
1766983253.200000 19.369367
1766983253.400000 19.335746
1766983253.600000 19.327522
1766983253.700000 19.309833
1766983253.900000 19.320067
1766983254.100000 19.304146
1766983254.300000 19.307800
1766983254.500000 19.317148
1766983254.700000 19.336521
1766983254.900000 19.346201
1766983255.100000 19.370289
1766983255.300000 19.407425
1766983255.500000 19.431831
1766983255.700000 19.481499
1766983255.900000 19.520725
1766983256.100000 19.583937
1766983256.300000 19.621827
1766983256.500000 19.652182
1766983256.700000 19.654005
1766983256.900000 19.659513
1766983257.100000 19.620622
1766983257.300000 19.597878
1766983257.500000 19.551723
1766983257.700000 19.500723
1766983257.900000 19.460166
1766983258.100000 19.424999
1766983258.300000 19.362607
1766983258.500000 19.326848
1766983258.700000 19.297511
1766983258.900000 19.268482
1766983259.100000 19.241612
1766983259.300000 19.254863
1766983259.500000 19.265433
1766983259.700000 19.259860
1766983259.900000 19.235579
1766983260.100000 19.203965
1766983260.300000 19.122854
1766983260.500000 19.027029
1766983260.700000 18.911845
1766983260.900000 18.792278
1766983261.100000 18.662354
1766983261.300000 18.555634
1766983261.500000 18.450196
1766983261.700000 18.399324
1766983261.900000 18.372406
1766983262.100000 18.355010
1766983262.300000 18.358360
1766983262.500000 18.387320
1766983262.700000 18.406059
1766983262.900000 18.426746
1766983263.100000 18.464248
1766983263.300000 18.517655
1766983263.500000 18.537308
1766983263.700000 18.561067
1766983263.900000 18.571994
1766983264.100000 18.578112
1766983264.300000 18.563411
1766983264.500000 18.572400
1766983264.900000 18.573944
1766983265.100000 18.577818
1766983265.300000 18.589066
1766983265.400000 18.595961
1766983265.500000 18.618272
1766983265.700000 18.635515
1766983265.900000 18.659513
1766983266.000000 18.694519
1766983266.200000 18.744291
1766983266.400000 18.797369
1766983266.600000 18.843776
1766983266.800000 18.895695
1766983266.900000 18.940448
1766983267.100000 19.006055
1766983267.300000 19.064987
1766983267.500000 19.162807
1766983267.700000 19.278622
1766983267.800000 19.404133
1766983268.000000 19.550107
1766983268.200000 19.698784
1766983268.400000 19.831075
1766983268.600000 19.978166
1766983268.700000 20.113534
1766983268.900000 20.241117
1766983269.100000 20.368669
1766983269.300000 20.518406
1766983269.400000 20.667349
1766983269.600000 20.849779
1766983269.800000 21.053738
1766983270.000000 21.259169
1766983270.400000 21.458806
1766983270.500000 21.647741
1766983270.700000 21.814627
1766983270.900000 21.918592
1766983271.100000 22.027291
1766983271.300000 22.120164
1766983271.500000 22.196282
1766983271.700000 22.260798
1766983271.900000 22.317869
1766983272.100000 22.352765
1766983272.300000 22.374504
1766983272.500000 22.384287
1766983272.700000 22.378771
1766983272.900000 22.360710
1766983273.100000 22.335113
1766983273.300000 22.297461
1766983273.500000 22.244042
1766983273.700000 22.192482
1766983273.900000 22.147059
1766983274.100000 22.100808
1766983274.300000 22.063471
1766983274.500000 22.028265
1766983274.700000 22.018722
1766983274.900000 22.004348
1766983275.000000 21.985609
1766983275.200000 21.975145
1766983275.400000 21.960162
1766983275.600000 21.934298
1766983275.800000 21.910502
1766983276.000000 21.879625
1766983276.200000 21.821930
1766983276.400000 21.769192
1766983276.600000 21.679378
1766983276.800000 21.598980
1766983277.000000 21.527775
1766983277.200000 21.472434
1766983277.400000 21.432545
1766983277.600000 21.415309
1766983277.700000 21.395906
1766983277.900000 21.384455
1766983278.100000 21.378778
1766983278.500000 21.359234
1766983278.600000 21.350758
1766983278.800000 21.331807
1766983278.900000 21.308823
1766983279.100000 21.272052
1766983279.300000 21.237860
1766983279.500000 21.213210
1766983279.700000 21.193366
1766983279.900000 21.181897
1766983280.100000 21.190207
1766983280.300000 21.215699
1766983280.400000 21.230655
1766983280.600000 21.262822
1766983280.700000 21.308554
1766983280.900000 21.357852
1766983281.000000 21.398419
1766983281.200000 21.437973
1766983281.300000 21.484013
1766983281.500000 21.513077
1766983281.700000 21.517265
1766983281.900000 21.512599
1766983282.100000 21.511019
1766983282.200000 21.493507
1766983282.300000 21.471024
1766983282.400000 21.444950
1766983282.600000 21.430786
1766983282.800000 21.429308
1766983282.900000 21.430470
1766983283.000000 21.439391
1766983283.200000 21.482283
1766983283.400000 21.536466
1766983283.600000 21.574766
1766983283.800000 21.633165
1766983283.900000 21.707351
1766983284.000000 21.787280
1766983284.200000 21.884956
1766983284.400000 22.019724
1766983284.600000 22.134539
1766983284.800000 22.267106
1766983284.900000 22.400602
1766983285.100000 22.507685
1766983285.300000 22.582084
1766983285.400000 22.647140
1766983285.500000 22.693642
1766983285.600000 22.705090
1766983285.700000 22.715031
1766983285.800000 22.712580
1766983285.900000 22.708191
1766983286.000000 22.688669
1766983286.200000 22.662403
1766983286.400000 22.608442
1766983286.600000 22.530738
1766983286.700000 22.470178
1766983286.900000 22.366401
1766983287.000000 22.273867
1766983287.200000 22.169868
1766983287.300000 22.074859
1766983287.500000 21.951343
1766983287.600000 21.834522
1766983287.700000 21.692548
1766983287.900000 21.554648
1766983288.100000 21.432187
1766983288.300000 21.304482
1766983288.400000 21.205211
1766983288.700000 21.144793
1766983288.800000 21.113711
1766983289.000000 21.079176
1766983289.200000 21.081105
1766983289.300000 21.085450
1766983289.400000 21.083034
1766983289.500000 21.078883
1766983289.600000 21.078018
1766983289.700000 21.071738
1766983289.900000 21.058219
1766983290.000000 21.050561
1766983290.200000 21.030828
1766983290.300000 21.009302
1766983290.400000 20.963559
1766983290.500000 20.928674
1766983290.700000 20.870763
1766983290.900000 20.800476
1766983291.100000 20.715736
1766983291.300000 20.651794
1766983291.500000 20.562023
1766983291.600000 20.505313
1766983291.800000 20.458079
1766983291.900000 20.409243
1766983292.000000 20.351930
1766983292.200000 20.322111
1766983292.400000 20.280240
1766983292.500000 20.252376
1766983292.600000 20.237996
1766983292.700000 20.227861
1766983292.800000 20.202667
1766983292.900000 20.181490
1766983293.000000 20.162926
1766983293.200000 20.145044
1766983293.300000 20.133133
1766983293.400000 20.148942
1766983293.500000 20.143051
1766983293.700000 20.138295
1766983293.800000 20.156038
1766983293.900000 20.163729
1766983294.100000 20.153953
1766983294.300000 20.147537
1766983294.500000 20.129432
1766983294.700000 20.073986
1766983294.800000 20.011377
1766983295.000000 19.947238
1766983295.400000 19.868239
1766983295.600000 19.790011
1766983295.800000 19.738127
1766983296.000000 19.685442
1766983296.200000 19.633394
1766983296.400000 19.595978
1766983296.600000 19.574736
1766983296.800000 19.554723
1766983297.000000 19.548115
1766983297.200000 19.568932
1766983297.400000 19.596760
1766983297.600000 19.640883
1766983297.800000 19.679981
1766983298.000000 19.723927
1766983298.200000 19.754829
1766983298.300000 19.785393
1766983298.400000 19.799991
1766983298.600000 19.819608
1766983298.700000 19.838941
1766983298.800000 19.863175
1766983298.900000 19.884433
1766983299.000000 19.906752
1766983299.200000 19.926141
1766983299.300000 19.940734
1766983299.400000 19.948381
1766983299.600000 19.978138
1766983299.800000 20.004811
1766983300.000000 20.030381
1766983300.200000 20.060061
1766983300.300000 20.108744
1766983300.400000 20.139511
1766983300.600000 20.168256
1766983300.800000 20.204178
1766983301.000000 20.234003
1766983301.200000 20.245604
1766983301.400000 20.257204
1766983301.600000 20.261104
1766983301.700000 20.251526
1766983301.800000 20.239325
1766983302.000000 20.220247
1766983302.200000 20.209408
1766983302.400000 20.205704
1766983302.600000 20.217406
1766983302.800000 20.233403
1766983302.900000 20.252926
1766983303.100000 20.255715
1766983303.300000 20.234402
1766983303.500000 20.196191
1766983303.700000 20.146014
1766983303.900000 20.071834
1766983304.100000 19.992249
1766983304.300000 19.921194
1766983304.500000 19.839175
1766983304.700000 19.755452
1766983304.900000 19.687835
1766983305.100000 19.645793
1766983305.300000 19.613242
1766983305.500000 19.593956
1766983305.700000 19.591097
1766983305.900000 19.603787
1766983306.100000 19.614795
1766983306.300000 19.618569
1766983306.500000 19.634335
1766983306.700000 19.644099
1766983306.900000 19.638502
1766983307.100000 19.618989
1766983307.300000 19.599354
1766983307.500000 19.570078
1766983307.700000 19.526658
1766983307.900000 19.479510
1766983308.100000 19.432143
1766983308.300000 19.390159
1766983308.500000 19.350835
1766983308.700000 19.324538
1766983308.900000 19.298343
1766983309.100000 19.301987
1766983309.300000 19.319269
1766983309.500000 19.350795
1766983309.700000 19.389519
1766983309.900000 19.454931
1766983310.100000 19.501194
1766983310.300000 19.532276
1766983310.500000 19.568237
1766983310.700000 19.592885
1766983310.900000 19.595283
1766983311.100000 19.589143
1766983311.300000 19.572150
1766983311.500000 19.531622
1766983311.700000 19.489699
1766983311.900000 19.467268
1766983312.100000 19.440687
1766983312.300000 19.450610
1766983312.500000 19.506243
1766983312.700000 19.569647
1766983312.900000 19.643909
1766983313.100000 19.744373
1766983313.300000 19.829396
1766983313.500000 19.872582
1766983313.600000 19.933505
1766983313.700000 19.971982
1766983313.900000 20.004500
1766983314.100000 20.031807
1766983314.300000 20.055114
1766983314.500000 20.054809
1766983314.700000 20.063321
1766983314.900000 20.061951
1766983315.100000 20.067960
1766983315.500000 20.075963
1766983315.700000 20.096833
1766983315.900000 20.111993
1766983316.100000 20.120301
1766983316.300000 20.106976
1766983316.500000 20.054832
1766983316.700000 19.969988
1766983316.900000 19.850470
1766983317.100000 19.700772
1766983317.300000 19.550414
1766983317.500000 19.408018
1766983317.600000 19.279095
1766983317.800000 19.161808
1766983318.000000 19.079355
1766983318.200000 18.989780
1766983318.300000 18.905734
1766983318.500000 18.822063
1766983318.700000 18.736798
1766983318.800000 18.617966
1766983319.000000 18.505527
1766983319.200000 18.418020
1766983319.400000 18.340084
1766983319.600000 18.272052
1766983319.900000 18.243138
1766983320.000000 18.236264
1766983320.200000 18.243612
1766983320.400000 18.258743
1766983320.600000 18.265365
1766983320.800000 18.267318
1766983320.900000 18.254867
1766983321.100000 18.243613
1766983321.300000 18.221366
1766983321.500000 18.232240
1766983321.700000 18.266109
1766983321.900000 18.335246
1766983322.100000 18.426707
1766983322.300000 18.517629
1766983322.500000 18.600052
1766983322.600000 18.670341
1766983322.700000 18.729008
1766983322.900000 18.751309
1766983323.100000 18.808066
1766983323.300000 18.885425
1766983323.500000 18.983708
1766983323.700000 19.067749
1766983323.900000 19.195172
1766983324.000000 19.315020
1766983324.200000 19.402898
1766983324.400000 19.489779
1766983324.500000 19.580956
1766983324.700000 19.647972
1766983324.800000 19.719168
1766983325.000000 19.812658
1766983325.200000 19.894680
1766983325.400000 19.985728
1766983325.600000 20.090573
1766983325.800000 20.172004
1766983326.000000 20.245748
1766983326.200000 20.305581
1766983326.300000 20.371348
1766983326.500000 20.423098
1766983326.700000 20.483881
1766983326.900000 20.539823
1766983327.000000 20.614088
1766983327.200000 20.677661
1766983327.400000 20.731174
1766983327.600000 20.781955
1766983327.700000 20.825438
1766983327.800000 20.853552
1766983327.900000 20.877191
1766983328.000000 20.898286
1766983328.200000 20.919078
1766983328.400000 20.950479
1766983328.600000 20.986433
1766983328.800000 21.032170
1766983329.000000 21.089643
1766983329.200000 21.151458
1766983329.400000 21.227754
1766983329.600000 21.295143
1766983329.800000 21.353096
1766983329.900000 21.410484
1766983330.100000 21.474897
1766983330.300000 21.510878
1766983330.500000 21.556142
1766983330.700000 21.601692
1766983330.800000 21.629086
1766983330.900000 21.639677
1766983331.100000 21.660134
1766983331.300000 21.654231
1766983331.500000 21.650441
1766983331.700000 21.655531
1766983331.800000 21.651266
1766983332.000000 21.648514
1766983332.200000 21.648112
1766983332.300000 21.641504
1766983332.400000 21.614638
1766983332.500000 21.606055
1766983332.600000 21.583472
1766983332.700000 21.567243
1766983332.800000 21.530811
1766983332.900000 21.513356
1766983333.100000 21.482263
1766983333.300000 21.459919
1766983333.400000 21.439334
1766983333.500000 21.435046
1766983333.700000 21.428402
1766983333.800000 21.434511
1766983333.900000 21.446419
1766983334.000000 21.458339
1766983334.200000 21.468730
1766983334.300000 21.478149
1766983334.400000 21.476583
1766983334.500000 21.461526
1766983334.700000 21.458146
1766983334.800000 21.441645
1766983334.900000 21.433655
1766983335.000000 21.428057
1766983335.200000 21.434464
1766983335.300000 21.426613
1766983335.500000 21.436794
1766983335.700000 21.419946
1766983335.800000 21.398512
1766983336.000000 21.379024
1766983336.200000 21.362288
1766983336.400000 21.342712
1766983336.600000 21.336314
1766983336.800000 21.343164
1766983336.900000 21.350298
1766983337.000000 21.364837
1766983337.200000 21.394499
1766983337.300000 21.428476
1766983337.400000 21.462600
1766983337.500000 21.493537
1766983337.600000 21.517467
1766983337.700000 21.539607
1766983337.800000 21.575073
1766983337.900000 21.591834
1766983338.000000 21.616328
1766983338.200000 21.664521
1766983338.400000 21.690214
1766983338.600000 21.694853
1766983338.800000 21.698405
1766983338.900000 21.701631
1766983339.000000 21.688723
1766983339.200000 21.664155
1766983339.400000 21.661481
1766983339.600000 21.656669
1766983339.800000 21.633363
1766983340.000000 21.587869
1766983340.200000 21.569777
1766983340.400000 21.522526
1766983340.600000 21.492366
1766983340.700000 21.453725
1766983340.900000 21.426661
1766983341.100000 21.415818
1766983341.300000 21.421442
1766983341.500000 21.422667
1766983341.600000 21.445249
1766983341.700000 21.488077
1766983341.900000 21.505123
1766983342.100000 21.504123
1766983342.300000 21.542114
1766983342.400000 21.575864
1766983342.600000 21.556417
1766983342.800000 21.542601
1766983343.000000 21.542656
1766983343.200000 21.499524
1766983343.300000 21.416323
1766983343.400000 21.380961
1766983343.600000 21.325604
1766983343.700000 21.274876
1766983343.900000 21.212816
1766983344.000000 21.169848
1766983344.200000 21.113137
1766983344.300000 21.065278
1766983344.400000 20.991488
1766983344.500000 20.917537
1766983344.700000 20.851620
1766983344.800000 20.771730
1766983344.900000 20.699893
1766983345.100000 20.636476
1766983345.200000 20.589654
1766983345.300000 20.560183
1766983345.400000 20.518255
1766983345.600000 20.493011
1766983345.800000 20.457616
1766983346.000000 20.389456
1766983346.200000 20.317060
1766983346.400000 20.274844
1766983346.600000 20.213715
1766983346.800000 20.149237
1766983346.900000 20.130571
1766983347.000000 20.109254
1766983347.200000 20.072207
1766983347.300000 20.044453
1766983347.500000 20.064069
1766983347.600000 20.047328
1766983347.800000 20.031657
1766983347.900000 20.065512
1766983348.000000 20.068295
1766983348.200000 20.047848
1766983348.300000 20.053423
1766983348.400000 20.051182
1766983348.500000 20.029416
1766983348.700000 20.022366
1766983348.800000 20.025773
1766983348.900000 20.037425
1766983349.000000 20.091415
1766983349.200000 20.147105
1766983349.400000 20.228227
1766983349.600000 20.333880
1766983349.700000 20.434417
1766983349.900000 20.533617
1766983350.000000 20.622101
1766983350.200000 20.728651
1766983350.300000 20.806221
1766983350.500000 20.899168
1766983350.600000 20.965687
1766983350.700000 21.051073
1766983350.800000 21.127827
1766983350.900000 21.226111
1766983351.100000 21.311648
1766983351.300000 21.404382
1766983351.400000 21.490639
1766983351.500000 21.549412
1766983351.700000 21.602955
1766983351.800000 21.638315
1766983352.000000 21.659949
1766983352.200000 21.660295
1766983352.300000 21.652696
1766983352.400000 21.625759
1766983352.600000 21.597271
1766983352.700000 21.564572
1766983352.800000 21.521320
1766983352.900000 21.462107
1766983353.000000 21.404954
1766983353.200000 21.352118
1766983353.300000 21.294348
1766983353.400000 21.230217
1766983353.500000 21.174468
1766983353.600000 21.116969
1766983353.800000 21.079726
1766983353.900000 21.036552
1766983354.100000 21.018500
1766983354.300000 21.016071
1766983354.600000 21.022035
1766983354.700000 21.011385
1766983354.800000 20.997674
1766983355.000000 20.947824
1766983355.200000 20.890538
1766983355.400000 20.787962
1766983355.600000 20.665953
1766983355.700000 20.554567
1766983355.800000 20.459810
1766983355.900000 20.350047
1766983356.000000 20.252583
1766983356.200000 20.175845
1766983356.400000 20.060867
1766983356.600000 19.969685
1766983356.800000 19.906883
1766983356.900000 19.869985
1766983357.100000 19.823605
1766983357.300000 19.818067
1766983357.500000 19.808245
1766983357.700000 19.799351
1766983357.800000 19.767218
1766983358.000000 19.745935
1766983358.200000 19.720209
1766983358.400000 19.689785
1766983358.500000 19.650876
1766983358.600000 19.617885
1766983358.700000 19.578780
1766983358.900000 19.523493
1766983359.100000 19.470395
1766983359.300000 19.418445
1766983359.400000 19.395608
1766983359.600000 19.378564
1766983359.800000 19.385851
1766983359.900000 19.414701
1766983360.000000 19.411336
1766983360.200000 19.399234
1766983360.300000 19.391838
1766983360.400000 19.380388
1766983360.500000 19.342326
1766983360.600000 19.324648
1766983360.800000 19.282647
1766983360.900000 19.215441
1766983361.100000 19.148921
1766983361.300000 19.085587
1766983361.400000 19.014014
1766983361.500000 18.944142
1766983361.600000 18.889069
1766983361.800000 18.808921
1766983361.900000 18.710579
1766983362.100000 18.616967
1766983362.300000 18.552937
1766983362.400000 18.501193
1766983362.500000 18.476444
1766983362.700000 18.460760
1766983362.800000 18.465010
1766983362.900000 18.468992
1766983363.000000 18.496620
1766983363.200000 18.523430
1766983363.500000 18.568992
1766983363.600000 18.612309
1766983363.700000 18.661047
1766983363.900000 18.678893
1766983364.000000 18.706757
1766983364.200000 18.730818
1766983364.400000 18.749210
1766983364.500000 18.759793
1766983364.600000 18.780918
1766983364.800000 18.795491
1766983364.900000 18.810912
1766983365.000000 18.839637
1766983365.200000 18.863805
1766983365.300000 18.895278
1766983365.500000 18.946664
1766983365.600000 18.988725
1766983365.700000 19.044230
1766983365.800000 19.092304
1766983365.900000 19.140143
1766983366.000000 19.173389
1766983366.200000 19.182724
1766983366.400000 19.185099
1766983366.600000 19.188926
1766983366.800000 19.164310
1766983367.000000 19.129282
1766983367.200000 19.091548
1766983367.400000 19.073224
1766983367.600000 19.054859
1766983367.700000 19.060896
1766983367.800000 19.061786
1766983368.000000 19.097582
1766983368.200000 19.117732
1766983368.300000 19.147814
1766983368.500000 19.175398
1766983368.600000 19.206967
1766983368.700000 19.249734
1766983368.800000 19.277638
1766983368.900000 19.325425
1766983369.000000 19.368649
1766983369.200000 19.419973
1766983369.300000 19.475076
1766983369.400000 19.533629
1766983369.500000 19.563583
1766983369.600000 19.622299
1766983369.700000 19.689843
1766983369.900000 19.764466
1766983370.000000 19.844039
1766983370.200000 19.913268
1766983370.300000 19.953558
1766983370.400000 19.984365
1766983370.500000 19.975617
1766983370.600000 19.954497
1766983370.800000 19.970987
1766983370.900000 19.984841
1766983371.000000 19.983765
1766983371.200000 19.993433
1766983371.300000 20.002255
1766983371.400000 19.974322
1766983371.500000 19.929827
1766983371.600000 19.878209
1766983371.700000 19.823273
1766983371.900000 19.739750
1766983372.000000 19.652841
1766983372.200000 19.567337
1766983372.400000 19.485412
1766983372.500000 19.406356
1766983372.700000 19.347540
1766983372.800000 19.322341
1766983372.900000 19.302175
1766983373.000000 19.292745
1766983373.200000 19.294552
1766983373.400000 19.303980
1766983373.600000 19.305374
1766983373.700000 19.323675
1766983373.800000 19.341061
1766983373.900000 19.355109
1766983374.000000 19.369550
1766983374.200000 19.369497
1766983374.400000 19.366956
1766983374.600000 19.371222
1766983374.700000 19.363608
1766983374.800000 19.364587
1766983374.900000 19.354664
1766983375.100000 19.332104
1766983375.300000 19.300831
1766983375.400000 19.283873
1766983375.500000 19.242342
1766983375.600000 19.221934
1766983375.800000 19.209316
1766983376.000000 19.195448
1766983376.200000 19.182680
1766983376.400000 19.183346
1766983376.600000 19.190907
1766983376.700000 19.203569
1766983376.900000 19.229630
1766983377.100000 19.269030
1766983377.300000 19.323711
1766983377.500000 19.369228
1766983377.700000 19.401385
1766983377.900000 19.425388
1766983378.100000 19.421670
1766983378.300000 19.390871
1766983378.400000 19.355628
1766983378.600000 19.306486
1766983378.800000 19.245675
1766983379.000000 19.178958
1766983379.200000 19.118587
1766983379.400000 19.071467
1766983379.500000 19.026991
1766983379.600000 18.998626
1766983379.700000 18.986717
1766983379.800000 18.994525
1766983379.900000 19.004171
1766983380.100000 19.032477
1766983380.300000 19.063584
1766983380.500000 19.106877
1766983380.700000 19.144591
1766983380.900000 19.177486
1766983381.000000 19.211610
1766983381.200000 19.246891
1766983381.400000 19.280137
1766983381.600000 19.323355
1766983381.800000 19.363682
1766983381.900000 19.429886
1766983382.000000 19.511417
1766983382.200000 19.594161
1766983382.400000 19.673381
1766983382.600000 19.756440
1766983382.700000 19.817730
1766983382.800000 19.878009
1766983382.900000 19.923573
1766983383.000000 19.967483
1766983383.200000 20.023881
1766983383.400000 20.071260
1766983383.600000 20.112987
1766983383.700000 20.152443
1766983383.800000 20.201330
1766983383.900000 20.251750
1766983384.000000 20.310795
1766983384.200000 20.367467
1766983384.400000 20.456866
1766983384.600000 20.531774
1766983384.800000 20.632841
1766983385.000000 20.725413
1766983385.200000 20.830968
1766983385.300000 20.917570
1766983385.500000 21.020347
1766983385.600000 21.078641
1766983385.700000 21.154588
1766983385.900000 21.219458
1766983386.100000 21.261505
1766983386.300000 21.303607
1766983386.500000 21.339823
1766983386.700000 21.353802
1766983386.900000 21.367549
1766983387.100000 21.396358
1766983387.300000 21.428079
1766983387.500000 21.487996
1766983387.700000 21.570137
1766983387.900000 21.674880
1766983388.000000 21.800866
1766983388.200000 21.912132
1766983388.400000 22.023195
1766983388.600000 22.137628
1766983388.800000 22.229706
1766983389.000000 22.291619
1766983389.200000 22.354101
1766983389.400000 22.397597
1766983389.600000 22.415537
1766983389.800000 22.445640
1766983390.000000 22.494133
1766983390.200000 22.541541
1766983390.400000 22.588309
1766983390.600000 22.660809
1766983390.800000 22.709030
1766983390.900000 22.746191
1766983391.000000 22.799699
1766983391.200000 22.849669
1766983391.400000 22.893947
1766983391.600000 22.948638
1766983391.800000 23.005187
1766983391.900000 23.042680
1766983392.000000 23.074388
1766983392.200000 23.094433
1766983392.400000 23.105164
1766983392.500000 23.099852
1766983392.700000 23.084881
1766983392.800000 23.066122
1766983392.900000 23.039380
1766983393.100000 22.992027
1766983393.300000 22.952295
1766983393.500000 22.897670
1766983393.700000 22.854116
1766983393.900000 22.803715
1766983394.000000 22.776625
1766983394.200000 22.761769
1766983394.400000 22.763972
1766983394.600000 22.765781
1766983394.700000 22.796383
1766983394.900000 22.822410
1766983395.100000 22.845275
1766983395.300000 22.851677
1766983395.500000 22.854365
1766983395.600000 22.837769
1766983395.700000 22.810242
1766983395.800000 22.771240
1766983396.000000 22.711579
1766983396.200000 22.629784
1766983396.400000 22.510512
1766983396.500000 22.395625
1766983396.700000 22.258500
1766983396.800000 22.122744
1766983396.900000 21.961620
1766983397.100000 21.824880
1766983397.300000 21.648593
1766983397.400000 21.449015
1766983397.600000 21.224912
1766983397.800000 21.021776
1766983398.000000 20.793949
1766983398.200000 20.571739
1766983398.400000 20.368372
1766983398.600000 20.193075
1766983398.800000 20.018984
1766983399.000000 19.861938
1766983399.200000 19.731669
1766983399.400000 19.621143
1766983399.600000 19.560414
1766983399.800000 19.517644
1766983400.000000 19.515301
1766983400.200000 19.549501
1766983400.400000 19.611993
1766983400.600000 19.687961
1766983400.800000 19.824175
1766983401.000000 19.978423
1766983401.200000 20.125240
1766983401.400000 20.299850
1766983401.600000 20.465354
1766983401.800000 20.604329
1766983402.000000 20.720867
1766983402.200000 20.850821
1766983402.400000 20.949621
1766983402.600000 21.017106
1766983402.800000 21.065741
1766983403.000000 21.111193
1766983403.200000 21.137767
1766983403.400000 21.153455
1766983403.600000 21.176432
1766983403.700000 21.177807
1766983403.900000 21.155315
1766983404.100000 21.106225
1766983404.300000 21.047229
1766983404.500000 20.958024
1766983404.600000 20.839594
1766983404.800000 20.696394
1766983405.000000 20.539735
1766983405.200000 20.372203
1766983405.400000 20.206379
1766983405.500000 20.066838
1766983405.600000 19.951703
1766983405.700000 19.816551
1766983405.800000 19.669272
1766983406.000000 19.508064
1766983406.200000 19.324850
1766983406.400000 19.132002
1766983406.600000 18.961424
1766983406.800000 18.785024
1766983407.000000 18.640114
1766983407.200000 18.530796
1766983407.400000 18.419095
1766983407.600000 18.325209
1766983407.800000 18.250199
1766983408.000000 18.193327
1766983408.400000 18.143116
1766983408.600000 18.119061
1766983408.800000 18.117655
1766983409.000000 18.144109
1766983409.200000 18.163395
1766983409.400000 18.187464
1766983409.600000 18.222404
1766983409.800000 18.228603
1766983410.000000 18.229622
1766983410.200000 18.225912
1766983410.400000 18.218358
1766983410.600000 18.200117
1766983410.700000 18.193542
1766983410.800000 18.186846
1766983410.900000 18.190101
1766983411.000000 18.197371
1766983411.200000 18.200120
1766983411.400000 18.217689
1766983411.600000 18.234190
1766983411.700000 18.250545
1766983411.800000 18.263487
1766983412.000000 18.295299
1766983412.200000 18.322479
1766983412.400000 18.333960
1766983412.600000 18.353294
1766983412.700000 18.361268
1766983412.900000 18.374225
1766983413.100000 18.379369
1766983413.300000 18.397162
1766983413.500000 18.417341
1766983413.700000 18.447842
1766983413.900000 18.446054
1766983414.100000 18.474103
1766983414.300000 18.504649
1766983414.500000 18.538334
1766983414.700000 18.587478
1766983414.900000 18.654388
1766983415.100000 18.706988
1766983415.300000 18.772323
1766983415.500000 18.828972
1766983415.700000 18.861587
1766983415.800000 18.884083
1766983415.900000 18.910612
1766983416.000000 18.920106
1766983416.200000 18.909041
1766983416.300000 18.914843
1766983416.500000 18.928122
1766983416.700000 18.945812
1766983416.900000 18.983971
1766983417.100000 19.074259
1766983417.300000 19.181422
1766983417.500000 19.320687
1766983417.700000 19.468538
1766983417.900000 19.608097
1766983418.100000 19.730944
1766983418.300000 19.842982
1766983418.500000 19.910770
1766983418.700000 19.956774
1766983418.900000 19.994084
1766983419.100000 19.998982
1766983419.300000 19.960057
1766983419.500000 19.920711
1766983419.700000 19.846381
1766983419.900000 19.746533
1766983420.100000 19.649061
1766983420.300000 19.551634
1766983420.500000 19.456873
1766983420.700000 19.358130
1766983420.800000 19.277477
1766983421.000000 19.198429
1766983421.200000 19.134779
1766983421.400000 19.063168
1766983421.600000 19.005252
1766983421.800000 18.943495
1766983422.000000 18.878381
1766983422.200000 18.802871
1766983422.400000 18.738341
1766983422.600000 18.691160
1766983422.800000 18.640841
1766983423.000000 18.613234
1766983423.200000 18.591459
1766983423.300000 18.596883
1766983423.500000 18.607097
1766983423.700000 18.661469
1766983423.900000 18.718212
1766983424.100000 18.807237
1766983424.300000 18.900425
1766983424.500000 19.008694
1766983424.700000 19.125915
1766983424.900000 19.244989
1766983425.100000 19.375186
1766983425.300000 19.505720
1766983425.500000 19.631307
1766983425.700000 19.733568
1766983425.900000 19.840518
1766983426.100000 19.931583
1766983426.300000 20.010263
1766983426.500000 20.077066
1766983426.700000 20.148456
1766983426.900000 20.213555
1766983427.100000 20.258283
1766983427.300000 20.312883
1766983427.500000 20.363428
1766983427.700000 20.387563
1766983427.900000 20.408084
1766983428.000000 20.446168
1766983428.200000 20.465700
1766983428.400000 20.474904
1766983428.600000 20.488891
1766983428.800000 20.486243
1766983429.000000 20.461515
1766983429.200000 20.426066
1766983429.400000 20.384410
1766983429.600000 20.345316
1766983429.800000 20.297797
1766983430.000000 20.272986
1766983430.200000 20.263708
1766983430.400000 20.283212
1766983430.600000 20.318510
1766983430.800000 20.402797
1766983431.000000 20.492118
1766983431.200000 20.585792
1766983431.400000 20.677023
1766983431.600000 20.739032
1766983431.800000 20.771872
1766983432.000000 20.796031
1766983432.200000 20.787070
1766983432.400000 20.781301
1766983432.800000 20.790665
1766983433.000000 20.803863
1766983433.200000 20.837690
1766983433.300000 20.911174
1766983433.500000 20.981073
1766983433.700000 21.062668
1766983433.900000 21.141127
1766983434.100000 21.186541
1766983434.300000 21.215037
1766983434.400000 21.240485
1766983434.600000 21.262255
1766983434.800000 21.295785
1766983434.900000 21.368971
1766983435.100000 21.442027
1766983435.500000 21.516200
1766983435.600000 21.580663
1766983435.800000 21.627115
1766983436.000000 21.638421
1766983436.200000 21.630052
1766983436.400000 21.607106
1766983436.600000 21.589856
1766983436.700000 21.563376
1766983436.900000 21.541347
1766983437.000000 21.547243
1766983437.200000 21.565333
1766983437.400000 21.613322
1766983437.600000 21.667899
1766983438.000000 21.737565
1766983438.200000 21.805948
1766983438.400000 21.878840
1766983438.600000 21.912268
1766983438.800000 21.960279
1766983438.900000 21.985674
1766983439.100000 21.997289
1766983439.300000 22.006336
1766983439.500000 22.017633
1766983439.600000 22.028204
1766983439.700000 22.041851
1766983439.900000 22.055602
1766983440.100000 22.065652
1766983440.300000 22.086233
1766983440.500000 22.108303
1766983440.600000 22.131573
1766983440.700000 22.191731
1766983440.800000 22.281818
1766983441.000000 22.401519
1766983441.200000 22.522803
1766983441.400000 22.673378
1766983441.500000 22.782676
1766983441.700000 22.850734
1766983441.900000 22.873110
1766983442.100000 22.846253
1766983442.300000 22.774652
1766983442.500000 22.690669
1766983442.700000 22.610499
1766983442.800000 22.512853
1766983442.900000 22.419306
1766983443.000000 22.312471
1766983443.300000 22.222652
1766983443.500000 22.116331
1766983443.600000 21.992984
1766983443.800000 21.882208
1766983443.900000 21.776918
1766983444.100000 21.667270
1766983444.200000 21.544917
1766983444.300000 21.448822
1766983444.500000 21.358536
1766983444.700000 21.282735
1766983444.800000 21.213733
1766983444.900000 21.157177
1766983445.000000 21.102540
1766983445.200000 21.035377
1766983445.400000 20.969783
1766983445.600000 20.892591
1766983445.800000 20.833874
1766983445.900000 20.767810
1766983446.000000 20.731309
1766983446.200000 20.700046
1766983446.300000 20.662509
1766983446.500000 20.624096
1766983446.700000 20.583448
1766983446.900000 20.529571
1766983447.300000 20.474728
1766983447.500000 20.435887
1766983447.700000 20.388204
1766983447.900000 20.358658
1766983448.100000 20.321825
1766983448.300000 20.271817
1766983448.500000 20.215473
1766983448.700000 20.151650
1766983448.900000 20.084245
1766983449.100000 20.026305
1766983449.300000 19.975410
1766983449.500000 19.936177
1766983449.700000 19.921970
1766983449.900000 19.919924
1766983450.100000 19.929883
1766983450.300000 19.939749
1766983450.500000 19.946910
1766983450.700000 19.950058
1766983450.900000 19.934804
1766983451.300000 19.915705
1766983451.500000 19.899497
1766983451.700000 19.877155
1766983451.900000 19.844554
1766983452.100000 19.816224
1766983452.300000 19.784939
1766983452.500000 19.757119
1766983452.700000 19.736556
1766983452.900000 19.734857
1766983453.100000 19.734583
1766983453.300000 19.746731
1766983453.500000 19.767950
1766983453.700000 19.799890
1766983453.900000 19.843281
1766983454.100000 19.907866
1766983454.300000 19.972236
1766983454.500000 20.049136
1766983454.700000 20.127805
1766983454.900000 20.174624
1766983455.100000 20.194419
1766983455.300000 20.205970
1766983455.500000 20.214345
1766983455.700000 20.207903
1766983455.900000 20.227040
1766983456.100000 20.272149
1766983456.300000 20.304366
1766983456.500000 20.299161
1766983456.700000 20.281324
1766983456.900000 20.221151
1766983457.100000 20.122398
1766983457.300000 20.002576
1766983457.500000 19.873846
1766983457.700000 19.728482
1766983457.900000 19.583523
1766983458.100000 19.437052
1766983458.300000 19.312842
1766983458.500000 19.202611
1766983458.600000 19.095892
1766983458.800000 18.987691
1766983459.000000 18.890977
1766983459.200000 18.798045
1766983459.400000 18.696286
1766983459.600000 18.602510
1766983459.800000 18.512018
1766983460.000000 18.441256
1766983460.400000 18.374016
1766983460.600000 18.307824
1766983460.800000 18.271274
1766983461.000000 18.226321
1766983461.200000 18.191980
1766983461.300000 18.133454
1766983461.500000 18.088948
1766983461.700000 18.024628
1766983461.900000 17.988292
1766983462.100000 17.938595
1766983462.300000 17.917238
1766983462.500000 17.913020
1766983462.700000 17.935533
1766983462.900000 17.971105
1766983463.100000 18.026759
1766983463.300000 18.086819
1766983463.700000 18.138346
1766983463.900000 18.177229
1766983464.000000 18.214226
1766983464.200000 18.243510
1766983464.400000 18.283201
1766983464.600000 18.324063
1766983464.800000 18.377689
1766983464.900000 18.449121
1766983465.100000 18.518294
1766983465.300000 18.606675
1766983465.500000 18.695021
1766983465.700000 18.788165
1766983465.800000 18.875695
1766983466.000000 18.960434
1766983466.200000 18.999567
1766983466.400000 19.050261
1766983466.600000 19.081658
1766983466.700000 19.096318
1766983466.900000 19.101433
1766983467.100000 19.116999
1766983467.300000 19.119170
1766983467.500000 19.124775
1766983467.700000 19.147196
1766983467.900000 19.207640
1766983468.100000 19.289804
1766983468.300000 19.400421
1766983468.500000 19.535248
1766983468.700000 19.668112
1766983468.900000 19.789773
1766983469.100000 19.897384
1766983469.300000 19.990241
1766983469.500000 20.063534
1766983469.700000 20.122217
1766983469.900000 20.157090
1766983470.100000 20.174427
1766983470.300000 20.167198
1766983470.500000 20.144760
1766983470.700000 20.108746
1766983470.900000 20.062280
1766983471.100000 20.015944
1766983471.300000 19.969694
1766983471.500000 19.908230
1766983471.700000 19.855166
1766983471.900000 19.793039
1766983472.100000 19.722904
1766983472.300000 19.662940
1766983472.500000 19.607553
1766983472.700000 19.552567
1766983472.900000 19.505174
1766983473.000000 19.472217
1766983473.200000 19.438089
1766983473.400000 19.431261
1766983473.600000 19.413927
1766983473.800000 19.411113
1766983473.900000 19.421122
1766983474.100000 19.432109
1766983474.300000 19.414457
1766983474.500000 19.412882
1766983474.700000 19.388288
1766983474.800000 19.338168
1766983475.000000 19.280186
1766983475.200000 19.224956
1766983475.400000 19.161854
1766983475.600000 19.103231
1766983475.700000 19.062233
1766983475.900000 19.015878
1766983476.000000 18.978863
1766983476.200000 18.950241
1766983476.400000 18.931625
1766983476.600000 18.916540
1766983476.800000 18.922706
1766983477.000000 18.942453
1766983477.200000 18.977162
1766983477.400000 19.016444
1766983477.600000 19.065013
1766983477.800000 19.121886
1766983478.000000 19.174215
1766983478.200000 19.219178
1766983478.400000 19.269719
1766983478.600000 19.316639
1766983478.800000 19.359016
1766983479.000000 19.407168
1766983479.200000 19.463953
1766983479.300000 19.547818
1766983479.500000 19.631717
1766983479.700000 19.737321
1766983479.900000 19.862147
1766983480.100000 20.010381
1766983480.300000 20.165752
1766983480.500000 20.334201
1766983480.700000 20.500282
1766983480.900000 20.675853
1766983481.100000 20.843887
1766983481.300000 21.002948
1766983481.500000 21.179896
1766983481.700000 21.373102
1766983481.900000 21.554963
1766983482.100000 21.750808
1766983482.300000 21.950651
1766983482.500000 22.146041
1766983482.700000 22.317664
1766983482.900000 22.488388
1766983483.100000 22.635841
1766983483.300000 22.765913
1766983483.500000 22.850321
1766983483.800000 22.918498
1766983484.000000 22.950847
1766983484.200000 22.947530
1766983484.400000 22.908600
1766983484.600000 22.865786
1766983484.800000 22.798902
1766983485.000000 22.718118
1766983485.200000 22.646423
1766983485.400000 22.577089
1766983485.600000 22.515669
1766983485.800000 22.478108
1766983486.000000 22.442921
1766983486.200000 22.390941
1766983486.400000 22.339915
1766983486.700000 22.266119
1766983486.900000 22.157901
1766983487.100000 22.071829
1766983487.300000 21.976249
1766983487.500000 21.873825
1766983487.700000 21.789587
1766983487.900000 21.728254
1766983488.100000 21.650391
1766983488.300000 21.585445
1766983488.500000 21.545136
1766983488.700000 21.519673
1766983488.900000 21.483878
1766983489.100000 21.459545
1766983489.300000 21.442026
1766983489.500000 21.428852
1766983489.700000 21.414695
1766983489.900000 21.411241
1766983490.100000 21.402401
1766983490.300000 21.395904
1766983490.500000 21.362321
1766983490.700000 21.306920
1766983490.900000 21.237685
1766983491.100000 21.159758
1766983491.300000 21.077494
1766983491.500000 20.988712
1766983491.700000 20.903442
1766983491.900000 20.833854
1766983492.100000 20.785736
1766983492.300000 20.765018
1766983492.500000 20.767925
1766983492.700000 20.791614
1766983492.800000 20.834394
1766983493.000000 20.891370
1766983493.200000 20.958602
1766983493.400000 21.058764
1766983493.600000 21.160003
1766983494.000000 21.252267
1766983494.200000 21.330440
1766983494.400000 21.360042
1766983494.600000 21.359812
1766983494.800000 21.323147
1766983494.900000 21.265150
1766983495.100000 21.185522
1766983495.300000 21.110807
1766983495.500000 21.027043
1766983495.700000 20.963939
1766983495.900000 20.903372
1766983496.100000 20.873534
1766983496.300000 20.848681
1766983496.500000 20.832593
1766983496.700000 20.827328
1766983496.900000 20.834718
1766983497.100000 20.829986
1766983497.300000 20.823842
1766983497.500000 20.800447
1766983497.700000 20.765163
1766983497.900000 20.731145
1766983498.100000 20.676291
1766983498.300000 20.629748
1766983498.500000 20.609655
1766983498.700000 20.587527
1766983498.900000 20.566610
1766983499.000000 20.561841
1766983499.200000 20.562624
1766983499.400000 20.568340
1766983499.600000 20.587359
1766983499.800000 20.620451
1766983500.000000 20.652555
1766983500.200000 20.689515
1766983500.300000 20.718340
1766983500.500000 20.751477
1766983500.600000 20.776580
1766983500.800000 20.813482
1766983500.900000 20.842065
1766983501.100000 20.862364
1766983501.300000 20.877403
1766983501.500000 20.894268
1766983501.700000 20.903890
1766983501.800000 20.908788
1766983502.000000 20.920632
1766983502.200000 20.905816
1766983502.400000 20.892991
1766983502.600000 20.868362
1766983502.700000 20.851540
1766983502.900000 20.826088
1766983503.100000 20.819118
1766983503.300000 20.832708
1766983503.500000 20.874432
1766983503.600000 20.933477
1766983503.800000 21.013338
1766983503.900000 21.130727
1766983504.100000 21.235345
1766983504.300000 21.335478
1766983504.400000 21.437122
1766983504.500000 21.523803
1766983504.700000 21.594941
1766983504.800000 21.662805
1766983505.000000 21.708591
1766983505.200000 21.721893
1766983505.400000 21.706781
1766983505.600000 21.668538
1766983505.800000 21.600141
1766983506.000000 21.530743
1766983506.200000 21.467310
1766983506.300000 21.426014
1766983506.500000 21.399673
1766983506.700000 21.397610
1766983506.900000 21.424526
1766983507.100000 21.466763
1766983507.300000 21.509723
1766983507.500000 21.542744
1766983507.700000 21.574178
1766983507.900000 21.592750
1766983508.100000 21.592417
1766983508.300000 21.581034
1766983508.500000 21.579153
1766983508.700000 21.565873
1766983508.900000 21.556165
1766983509.100000 21.561029
1766983509.300000 21.606662
1766983509.500000 21.663855
1766983509.700000 21.742076
1766983509.900000 21.827827
1766983510.100000 21.914871
1766983510.300000 21.976362
1766983510.500000 22.032285
1766983510.700000 22.070044
1766983510.800000 22.095982
1766983511.000000 22.124047
1766983511.200000 22.150357
1766983511.400000 22.169327
1766983511.600000 22.192167
1766983511.800000 22.204324
1766983512.000000 22.212627
1766983512.200000 22.202523
1766983512.400000 22.176332
1766983512.600000 22.155283
1766983512.800000 22.128940
1766983512.900000 22.109729
1766983513.000000 22.095084
1766983513.200000 22.101019
1766983513.300000 22.087560
1766983513.400000 22.071577
1766983513.500000 22.049122
1766983513.700000 22.031119
1766983513.800000 21.983697
1766983513.900000 21.926893
1766983514.100000 21.878090
1766983514.300000 21.795535
1766983514.400000 21.698226
1766983514.600000 21.605035
1766983514.800000 21.513983
1766983514.900000 21.387290
1766983515.000000 21.266016
1766983515.200000 21.161333
1766983515.300000 21.048764
1766983515.400000 20.931736
1766983515.500000 20.838713
1766983515.700000 20.750009
1766983515.800000 20.676040
1766983515.900000 20.609145
1766983516.000000 20.531827
1766983516.200000 20.467080
1766983516.400000 20.412107
1766983516.600000 20.353977
1766983516.800000 20.305770
1766983516.900000 20.281437
1766983517.000000 20.256168
1766983517.200000 20.244122
1766983517.400000 20.217061
1766983517.500000 20.207428
1766983517.600000 20.205323
1766983517.700000 20.212465
1766983517.800000 20.217253
1766983517.900000 20.240545
1766983518.000000 20.250960
1766983518.200000 20.279076
1766983518.300000 20.294226
1766983518.400000 20.330597
1766983518.500000 20.354621
1766983518.700000 20.385177
1766983518.800000 20.407909
1766983518.900000 20.452635
1766983519.000000 20.483844
1766983519.200000 20.517129
1766983519.400000 20.574160
1766983519.500000 20.629767
1766983519.700000 20.690919
1766983519.800000 20.755324
1766983519.900000 20.848399
1766983520.000000 20.950552
1766983520.200000 21.072975
1766983520.400000 21.183740
1766983520.700000 21.292692
1766983520.800000 21.372559
1766983520.900000 21.427887
1766983521.000000 21.446932
1766983521.200000 21.466887
1766983521.300000 21.487006
1766983521.400000 21.497316
1766983521.500000 21.478633
1766983521.600000 21.465404
1766983521.700000 21.438690
1766983521.800000 21.401930
1766983521.900000 21.350118
1766983522.000000 21.302369
1766983522.200000 21.255386
1766983522.400000 21.200772
1766983522.500000 21.131893
1766983522.700000 21.058081
1766983522.900000 20.980864
1766983523.100000 20.891951
1766983523.300000 20.785862
1766983523.500000 20.663954
1766983523.700000 20.552797
1766983523.900000 20.442744
1766983524.100000 20.329195
1766983524.300000 20.219633
1766983524.500000 20.139394
1766983524.700000 20.069057
1766983524.900000 19.985475
1766983525.100000 19.919426
1766983525.300000 19.878613
1766983525.500000 19.818401
1766983525.700000 19.776761
1766983525.900000 19.740847
1766983526.100000 19.706101
1766983526.300000 19.686511
1766983526.500000 19.655175
1766983526.700000 19.619246
1766983526.900000 19.586278
1766983527.000000 19.558675
1766983527.200000 19.505121
1766983527.400000 19.499037
1766983527.600000 19.485778
1766983527.800000 19.484362
1766983527.900000 19.470130
1766983528.100000 19.492526
1766983528.300000 19.496286
1766983528.500000 19.507206
1766983528.700000 19.523022
1766983528.900000 19.520324
1766983529.100000 19.476325
1766983529.300000 19.421970
1766983529.500000 19.356214
1766983529.700000 19.292287
1766983529.900000 19.245329
1766983530.100000 19.236092
1766983530.300000 19.240998
1766983530.500000 19.261842
1766983530.600000 19.323313
1766983530.800000 19.406020
1766983531.000000 19.503144
1766983531.200000 19.609716
1766983531.400000 19.753516
1766983531.600000 19.855111
1766983531.800000 19.978235
1766983532.000000 20.056962
1766983532.200000 20.149335
1766983532.400000 20.216648
1766983532.600000 20.293604
1766983532.800000 20.351370
1766983533.000000 20.435202
1766983533.200000 20.516644
1766983533.400000 20.612929
1766983533.600000 20.710062
1766983534.000000 20.804181
1766983534.200000 20.903468
1766983534.400000 21.000314
1766983534.600000 21.066978
1766983534.800000 21.126277
1766983535.000000 21.188902
1766983535.200000 21.232976
1766983535.400000 21.247689
1766983535.600000 21.269115
1766983535.800000 21.284248
1766983536.000000 21.288040
1766983536.200000 21.291646
1766983536.400000 21.305773
1766983536.600000 21.313990
1766983536.800000 21.329102
1766983537.000000 21.339579
1766983537.200000 21.365286
1766983537.400000 21.395208
1766983537.600000 21.446179
1766983537.800000 21.490318
1766983538.000000 21.538506
1766983538.200000 21.560821
1766983538.400000 21.573729
1766983538.600000 21.566291
1766983538.700000 21.556990
1766983538.900000 21.527968
1766983539.100000 21.498629
1766983539.300000 21.456774
1766983539.500000 21.405404
1766983539.600000 21.323776
1766983539.800000 21.231255
1766983540.000000 21.108639
1766983540.200000 20.979925
1766983540.400000 20.816697
1766983540.500000 20.634045
1766983540.700000 20.432077
1766983540.900000 20.220975
1766983541.100000 20.003238
1766983541.300000 19.784211
1766983541.400000 19.558963
1766983541.600000 19.337115
1766983542.000000 19.133707
1766983542.200000 18.938161
1766983542.400000 18.745885
1766983542.600000 18.597899
1766983543.000000 18.481973
1766983543.200000 18.376094
1766983543.400000 18.295443
1766983543.600000 18.255937
1766983543.800000 18.227270
1766983544.000000 18.199787
1766983544.200000 18.194552
1766983544.400000 18.189918
1766983544.600000 18.172270
1766983544.800000 18.147953
1766983545.000000 18.125090
1766983545.200000 18.087423
1766983545.400000 18.009681
1766983545.600000 17.924472
1766983545.800000 17.846986
1766983546.000000 17.773738
1766983546.200000 17.706695
1766983546.400000 17.691443
1766983546.600000 17.704567
1766983546.800000 17.727664
1766983547.000000 17.764243
1766983547.200000 17.819564
1766983547.400000 17.867204
1766983547.600000 17.915533
1766983547.800000 17.948504
1766983548.000000 17.923909
1766983548.200000 17.849663
1766983548.400000 17.735404
1766983548.600000 17.547198
1766983548.800000 17.320134
1766983549.000000 17.103397
1766983549.200000 16.866695
1766983549.400000 16.610077
1766983549.600000 16.376300
1766983549.800000 16.157458
1766983550.000000 15.920347
1766983550.200000 15.701927
1766983550.400000 15.503829
1766983550.600000 15.272770
1766983550.800000 15.061689
1766983551.000000 14.856591
1766983551.200000 14.661570
1766983551.400000 14.462339
1766983551.600000 14.305353
1766983551.800000 14.131634
1766983552.000000 13.964147
1766983552.200000 13.787411
1766983552.400000 13.635954
1766983552.600000 13.550388
1766983552.800000 13.461301
